20211123152809,10.0.0.8,33597,10.0.0.10,5001,3,0.0-1.0,262144,2097152
20211123152810,10.0.0.8,33597,10.0.0.10,5001,3,1.0-2.0,131072,1048576
20211123152811,10.0.0.8,33597,10.0.0.10,5001,3,2.0-3.0,131072,1048576
20211123152812,10.0.0.8,33597,10.0.0.10,5001,3,3.0-4.0,131072,1048576
20211123152813,10.0.0.8,33597,10.0.0.10,5001,3,4.0-5.0,131072,1048576
20211123152815,10.0.0.8,33597,10.0.0.10,5001,3,5.0-6.0,131072,1048576
20211123152816,10.0.0.8,33597,10.0.0.10,5001,3,6.0-7.0,131072,1048576
20211123152816,10.0.0.8,33597,10.0.0.10,5001,3,7.0-8.0,0,0
20211123152817,10.0.0.8,33597,10.0.0.10,5001,3,8.0-9.0,131072,1048576
